## Color for missing data
na_color <- "#E2A2BE"

## 2-color palettes
gold_gray <- c("#E69F00", "#999999") # original from Mirco (Three Major Axes paper)
orange_teal <- c("#DC421E", "#20CAC1") # colorblind-friendly with some contrast in grayscale
orange_teal_light <- c("#F15620", "#2CDDD7") # lighter variant
orange_teal_dark <- c("#D1400D", "#1EB8B3") # darker/desaturated variant
red_cyan <- c("#A00000", "#00A0A0") # more contrast
gray_scale <- c("#000000", "#B3B3B3") # grayscale max contrast

## 3-color palettes
Three_colorblind <- c("#B22D6E", "#AD7602", "#1EB8B3")
Three_colorblind2 <- c("#B22E2D", "#1E70B8", "#8FAD02")
Three_colors3 <- c("#73C03C", "#F15620", "#3C368C")

## 4-color palettes
Four_colorblind <- c("#b81e23", "#1eb8b3", "#70b81e", "#661eb8") # original

## 5-color palettes
Five_colorblind <- c("#b77508", "#e5ab16", "#1eb8b3", "#a354d1", "#6a2a99")

## 6-color palettes
Six_colorblind <- c("#085578", "#538085", "#faf1e2", "#e3baaa", "#e47e8c", "#ffaa6a")

## 7-color palettes
Seven_sequential <- c("#f94144", "#f3722c", "#f8961e", "#f9c74f", "#90be6d", "#43aa8b", "#577590")

## 10-color categorical palettes
CatCol <- c(
  "#586158", "#C46B39", "#4DD8C0", "#3885AB", "#9C4DC4",
  "#C4AA4D", "#443396", "#CC99CC", "#88C44D", "#AB3232"
)
CatCol_igbp <- c(
  CVM = "#586158", DBF = "#C46B39", EBF = "#4DD8C0", ENF = "#3885AB", GRA = "#9C4DC4",
  MF = "#C4AA4D", OSH = "#443396", SAV = "#CC99CC", WET = "#88C44D", WSA = "#AB3232"
)
Ten_sequential <- c("#F94144", "#F3722C", "#F8961E", "#F9844A", "#F9C74F",
                    "#90BE6D", "#43AA8B", "#4D908E", "#577590", "#277DA1")